1 7343.75
2 8187.5
3 8468.75
4 8609.38
5 8695.31
6 8751.3
7 8791.29
8 8821.29
9 8844.62
10 8864.06
11 8879.26
12 8892.58
13 8903.25
14 8912.39
15 8920.31
16 8927.73
17 8933.82
18 8939.24
19 8944.08
20 8948.44
21 8952.75
22 8956.32
23 8959.58
24 8962.89
25 8965.62
26 8968.15
27 8970.49
28 8972.94
29 8974.95
30 8976.82
31 8978.58
32 8980.47
33 8982.01
34 8983.46
35 8985.04
36 8986.33
37 8987.54
38 8988.69
39 8989.98
40 8991.02
41 8992
42 8992.93
43 8994
44 8994.85
45 8995.66
46 8996.43
47 8997.34
48 8998.05
49 8998.72
50 8999.38
51 9000.15
52 9000.75
53 9001.33
54 9001.88
55 9002.56
56 9003.07
57 9003.56
58 9004.18
59 9004.63
60 9005.08
