1 7343.75
2 8187.5
3 8468.75
4 8609.38
5 8693.75
6 8751.3
7 8791.29
8 8821.29
9 8844.62
10 8864.06
11 8879.26
12 8891.93
13 8902.64
14 8912.39
15 8920.31
16 8927.25
17 8933.82
18 8939.24
19 8944.08
20 8948.44
21 8952.38
22 8956.32
23 8959.58
24 8962.57
25 8965.31
26 8968.15
27 8970.49
28 8972.66
29 8974.95
30 8976.82
31 8978.58
32 8980.22
33 8982.01
34 8983.46
35 8984.82
36 8986.11
37 8987.33
38 8988.69
39 8989.78
40 8990.82
41 8992
42 8992.93
43 8993.82
44 8994.67
45 8995.66
46 8996.43
47 8997.17
48 8997.88
49 8998.57
50 8999.38
51 9000
52 9000.6
53 9001.33
54 9001.88
55 9002.41
56 9002.93
57 9003.56
58 9004.04
59 9004.5
60 9004.95
