1 56
1.00419 52
1.00419 588
1.0093 588
1.0093 588
1.01528 524
1.01664 588
1.01664 556
1.02496 588
1.02496 556
1.03328 588
1.03328 556
1.0416 588
1.0416 556
1.04992 588
1.04992 556
1.05824 588
1.05824 556
1.06656 588
1.06656 556
1.07488 588
1.07488 556
1.0832 588
1.0832 556
1.09152 588
1.09152 556
1.09984 588
1.09984 556
1.10816 588
1.10816 556
1.11648 588
1.11648 556
1.1248 588
1.1248 556
1.13312 588
1.13312 556
1.14144 588
1.14144 556
1.14976 588
1.14976 556
1.1548 556
1.15808 588
1.15978 556
1.1664 588
1.1664 556
1.17472 588
1.17472 556
1.18304 588
1.18304 556
1.19136 588
1.19136 556
1.19968 588
1.19968 556
1.208 588
1.208 556
1.21632 588
1.21632 556
1.22464 588
1.22464 556
1.23296 588
1.23296 556
1.24128 588
1.24128 556
1.2496 588
1.2496 556
1.25792 588
1.25792 556
1.26624 588
1.26624 556
1.27456 588
1.27456 556
1.28288 588
1.28288 556
1.2912 588
1.2912 556
1.29952 588
1.29952 556
1.30784 588
1.30784 556
1.31616 588
1.31616 556
1.32448 588
1.32448 556
1.3328 588
1.3328 556
1.34112 588
1.34112 556
1.34944 588
1.34944 556
1.35776 588
1.35776 556
1.36608 588
1.36608 556
1.3744 588
1.3744 556
1.38272 588
1.38272 556
1.39104 588
1.39104 556
1.39936 588
1.39936 556
1.40768 588
1.40768 556
1.416 588
1.416 556
1.42104 556
1.42432 588
1.42602 556
1.43264 588
1.43264 556
1.63767 588
1.64271 588
1.64776 588
1.6528 556
1.6528 588
1.65778 588
1.66281 588
1.66281 588
1.66878 588
1.66878 588
1.67476 588
1.67476 588
1.67476 588
1.68073 588
1.68073 588
1.68576 588
1.68576 588
1.69079 588
1.69079 588
1.69079 588
1.69582 588
1.69582 588
1.69771 588
1.69771 588
1.7018 588
1.7018 588
1.70369 588
1.70369 588
1.70777 588
1.70777 588
1.70777 588
1.70966 588
1.70966 588
1.71375 588
1.71375 588
1.71564 588
1.71564 588
1.71878 588
1.71878 588
1.72067 588
1.72067 588
1.72067 588
1.72381 588
1.72381 588
1.7257 588
1.7257 588
1.72758 588
1.72758 588
1.72978 588
1.72978 588
1.73167 588
1.73167 588
1.73356 588
1.73356 588
1.73356 588
1.73576 588
1.73576 588
1.73764 588
1.73764 588
1.73953 588
1.73953 588
1.74142 588
1.74142 588
1.74331 588
1.74331 588
1.7452 588
1.7452 588
1.74708 588
1.74708 588
1.74897 588
1.74897 588
1.74897 588
1.75086 588
1.75086 588
1.75275 444
1.75712 588
1.75712 556
1.76544 588
1.76544 556
1.77376 588
1.77376 556
1.78208 588
1.78208 556
1.7904 588
1.7904 556
1.79872 588
1.79872 556
1.80704 588
1.80704 556
1.81536 588
1.81536 556
1.82368 588
1.82368 556
1.832 588
1.832 556
1.84032 588
1.84032 556
1.84864 588
1.84864 556
1.85696 588
1.85696 556
1.86528 588
1.86528 556
1.8736 588
1.8736 556
1.88192 588
1.88192 556
1.89024 588
1.89024 556
1.89856 588
1.89856 556
1.90688 588
1.90688 556
1.9152 588
1.9152 556
1.92352 588
1.92352 556
1.93184 588
1.93184 556
1.94016 588
1.94016 556
1.94848 588
1.94848 556
1.9568 588
1.9568 556
1.96512 588
1.96512 556
1.97344 588
1.97344 556
1.98176 588
1.98176 556
1.99008 588
1.99008 556
1.9984 588
1.9984 556
2.00672 588
2.00672 556
2.01504 588
2.01504 556
2.02336 588
2.02336 556
2.03168 588
2.03168 556
2.04 588
2.04 556
2.04832 588
2.04832 556
2.05664 588
2.05664 556
2.06496 588
2.06496 556
2.07328 588
2.07328 556
2.0816 588
2.0816 556
2.08992 588
2.08992 556
2.09824 588
2.09824 556
2.10656 588
2.10656 556
2.11488 588
2.11488 556
2.1232 588
2.1232 556
2.13152 588
2.13152 556
2.13984 588
2.13984 556
2.14816 588
2.14816 556
2.15648 588
2.15648 556
2.1648 588
2.1648 556
2.17312 588
2.17312 556
2.18144 588
2.18144 556
2.18976 588
2.18976 556
2.19808 588
2.19808 556
2.2064 588
2.2064 556
2.21472 588
2.21472 556
2.22304 588
2.22304 556
2.23136 588
2.23136 556
2.23968 588
2.23968 556
2.248 588
2.248 556
2.25632 588
2.25632 556
2.26464 588
2.26464 556
2.27296 588
2.27296 556
2.28128 588
2.28128 556
2.2896 588
2.2896 556
2.29792 588
2.29792 556
2.30624 588
2.30624 556
2.31456 588
2.31456 556
2.32288 588
2.32288 556
2.3312 588
2.3312 556
2.33952 588
2.33952 556
2.34784 588
2.34784 556
2.35616 588
2.35616 556
2.36448 588
2.36448 556
2.3728 588
2.3728 556
2.38112 588
2.38112 556
2.38944 588
2.38944 556
2.39776 588
2.39776 556
2.40608 588
2.40608 556
2.4144 588
2.4144 556
2.42272 588
2.42272 556
2.43104 588
2.43104 556
2.43936 588
2.43936 556
2.44768 588
2.44768 556
2.456 588
2.456 556
2.46432 588
2.46432 556
2.47264 588
2.47264 556
2.48096 588
2.48096 556
2.48928 588
2.48928 556
2.4976 588
2.4976 556
2.50592 588
2.50592 556
2.51424 588
2.51424 556
2.52256 588
2.52256 556
2.53088 588
2.53088 556
2.5392 588
2.5392 556
2.54752 588
2.54752 556
2.55258 588
2.55762 588
2.56266 556
2.56266 556
2.56764 588
2.57267 588
2.57267 588
2.57865 524
2.5808 588
2.5808 556
2.58912 588
2.58912 556
2.59744 588
2.59744 556
2.60576 588
2.60576 556
2.61408 588
2.61408 556
2.62002 588
2.6224 588
2.62505 556
2.63072 588
2.63072 556
2.63904 588
2.63904 556
2.64736 588
2.64736 556
2.65568 588
2.65568 556
2.664 588
2.664 556
2.67232 588
2.67232 556
2.68064 588
2.68064 556
2.68896 588
2.68896 556
2.69728 588
2.69728 556
2.7056 588
2.7056 556
2.71392 588
2.71392 556
2.72224 588
2.72224 556
2.73056 588
2.73056 556
2.73888 588
2.73888 556
2.7472 588
2.7472 556
2.75552 588
2.75552 556
2.76384 588
2.76384 556
2.77216 588
2.77216 556
2.78048 588
2.78048 556
2.7888 588
2.7888 556
2.79712 588
2.79712 556
2.80544 588
2.80544 556
2.81376 588
2.81376 556
2.82208 588
2.82208 556
2.8304 588
2.8304 556
2.83872 588
2.83872 556
2.84704 588
2.84704 556
2.85536 588
2.85536 556
2.86368 588
2.86368 556
2.872 588
2.872 556
2.88032 588
2.88032 556
2.88864 588
2.88864 556
2.89696 588
2.89696 556
2.90528 588
2.90528 556
2.9136 588
2.9136 556
2.92192 588
2.92192 556
2.93024 588
2.93024 556
2.93856 588
2.93856 556
2.94688 588
2.94688 556
2.9552 588
2.9552 556
2.96352 588
2.96352 556
2.97184 588
2.97184 556
2.98016 588
2.98016 556
2.98848 588
2.98848 556
2.9968 588
2.9968 556
3.00512 588
3.00512 556
3.01344 588
3.01344 556
3.02176 588
3.02176 556
3.03008 588
3.03008 556
3.0384 588
3.0384 556
3.04672 588
3.04672 556
3.05504 588
3.05504 556
3.06336 588
3.06336 556
3.07168 588
3.07168 556
3.08 588
3.08 556
3.08832 588
3.08832 556
3.09664 588
3.09664 556
3.10496 588
3.10496 556
3.11328 588
3.11328 556
3.1216 588
3.1216 556
3.12992 588
3.12992 556
3.13824 588
3.13824 556
3.14656 588
3.14656 556
3.15488 588
3.15488 556
3.1632 588
3.1632 556
3.17152 588
3.17152 556
3.17984 588
3.17984 556
3.18816 588
3.18816 556
3.19648 588
3.19648 556
3.2048 588
3.2048 556
3.21312 588
3.21312 556
3.22144 588
3.22144 556
3.22976 588
3.22976 556
3.23808 588
3.23808 556
3.2464 588
3.2464 556
3.25472 588
3.25472 556
3.26304 588
3.26304 556
3.27136 588
3.27136 556
3.27968 588
3.27968 556
3.288 588
3.288 556
3.29632 588
3.29632 556
3.30464 588
3.30464 556
3.31296 588
3.31296 556
3.32128 588
3.32128 556
3.3296 588
3.3296 556
3.33792 588
3.33792 556
3.34624 588
3.34624 556
3.35456 588
3.35456 556
3.36288 588
3.36288 556
3.3712 588
3.3712 556
3.37952 588
3.37952 556
3.38784 588
3.38784 556
3.39616 588
3.39616 556
3.40448 588
3.40448 556
3.4128 588
3.4128 556
3.42112 588
3.42112 556
3.42944 588
3.42944 556
3.43776 588
3.43776 556
3.44608 588
3.44608 556
3.4544 588
3.4544 556
3.46272 588
3.46272 556
3.47104 588
3.47104 556
3.47936 588
3.47936 556
3.48768 588
3.48768 556
3.496 588
3.496 556
3.50432 588
3.50432 556
3.51264 588
3.51264 556
3.52096 588
3.52096 556
3.52928 588
3.52928 556
3.5376 588
3.5376 556
3.54592 588
3.54592 556
3.55424 588
3.55424 556
3.56256 588
3.56256 556
3.57088 588
3.57088 556
3.5792 588
3.5792 556
3.58752 588
3.58752 556
3.59584 588
3.59584 556
3.60416 588
3.60416 556
3.61248 588
3.61248 556
3.6208 588
3.6208 556
3.62912 588
3.62912 556
3.63744 588
3.63744 556
3.64576 588
3.64576 556
3.65408 588
3.65408 556
3.6624 588
3.6624 556
3.67072 588
3.67072 556
3.67904 588
3.67904 556
3.68736 588
3.68736 556
3.69568 588
3.69568 556
3.704 588
3.704 556
3.71232 588
3.71232 556
3.72064 588
3.72064 556
3.72896 588
3.72896 556
3.73728 588
3.73728 556
3.7456 588
3.7456 556
3.75392 588
3.75392 556
3.76224 588
3.76224 556
3.77056 588
3.77056 556
3.77888 588
3.77888 556
3.7872 588
3.7872 556
3.79552 588
3.79552 556
3.80384 588
3.80384 556
3.81216 588
3.81216 556
3.82048 588
3.82048 556
3.8288 588
3.8288 556
3.83712 588
3.83712 556
3.84544 588
3.84544 556
3.85376 588
3.85376 556
3.86208 588
3.86208 556
3.8704 588
3.8704 556
3.87872 588
3.87872 556
3.88704 588
3.88704 556
3.89536 588
3.89536 556
3.90368 588
3.90368 556
3.912 588
3.912 556
3.92032 588
3.92032 556
3.92864 588
3.92864 556
3.93696 588
3.93696 556
3.94528 588
3.94528 556
3.9536 588
3.9536 556
3.96192 588
3.96192 556
3.97024 588
3.97024 556
3.97856 588
3.97856 556
3.98688 588
3.98688 556
3.9952 588
3.9952 556
4.00352 588
4.00352 556
4.01184 588
4.01184 556
4.02016 588
4.02016 556
4.02848 588
4.02848 556
4.0368 588
4.0368 556
4.04512 588
4.04512 556
4.05344 588
4.05344 556
4.06176 588
4.06176 556
4.07008 588
4.07008 556
4.0784 588
4.0784 556
4.08672 588
4.08672 556
4.09504 588
4.09504 556
4.10336 588
4.10336 556
4.11168 588
4.11168 556
4.12 588
4.12 556
4.12832 588
4.12832 556
4.13664 588
4.13664 556
4.14496 588
4.14496 556
4.15328 588
4.15328 556
4.1616 588
4.1616 556
4.16992 588
4.16992 556
4.17824 588
4.17824 556
4.18656 588
4.18656 556
4.19488 588
4.19488 556
4.2032 588
4.2032 556
4.21152 588
4.21152 556
4.21984 588
4.21984 556
4.22816 588
4.22816 556
4.23648 588
4.23648 556
4.2448 588
4.2448 556
4.25312 588
4.25312 556
4.26144 588
4.26144 556
4.26976 588
4.26976 556
4.27808 588
4.27808 556
4.2864 588
4.2864 556
4.29472 588
4.29472 556
4.30304 588
4.30304 556
4.31136 588
4.31136 556
4.31968 588
4.31968 556
4.328 588
4.328 556
4.33632 588
4.33632 556
4.34464 588
4.34464 556
4.35296 588
4.35296 556
4.36128 588
4.36128 556
4.3696 588
4.3696 556
4.37792 588
4.37792 556
4.38624 588
4.38624 556
4.39456 588
4.39456 556
4.40288 588
4.40288 556
4.4112 588
4.4112 556
4.41952 588
4.41952 556
4.42784 588
4.42784 556
4.43616 588
4.43616 556
4.44448 588
4.44448 556
4.4528 588
4.4528 556
4.46112 588
4.46112 556
4.46944 588
4.46944 556
4.47776 588
4.47776 556
4.48608 588
4.48608 556
4.4944 588
4.4944 556
4.50272 588
4.50272 556
4.51104 588
4.51104 556
4.51936 588
4.51936 556
4.52768 588
4.52768 556
4.536 588
4.536 556
4.54432 588
4.54432 556
4.55264 588
4.55264 556
4.56096 588
4.56096 556
4.56928 588
4.56928 556
4.5776 588
4.5776 556
4.58592 588
4.58592 556
4.59424 588
4.59424 556
4.60256 588
4.60256 556
4.61088 588
4.61088 556
4.6192 588
4.6192 556
4.62752 588
4.62752 556
4.63584 588
4.63584 556
4.64416 588
4.64416 556
4.65248 588
4.65248 556
4.6608 588
4.6608 556
4.66912 588
4.66912 556
4.67744 588
4.67744 556
4.68576 588
4.68576 556
4.69408 588
4.69408 556
4.7024 588
4.7024 556
4.71072 588
4.71072 556
4.71904 588
4.71904 556
4.72736 588
4.72736 556
4.73568 588
4.73568 556
4.744 588
4.744 556
4.75232 588
4.75232 556
4.76064 588
4.76064 556
4.76896 588
4.76896 556
4.77728 588
4.77728 556
4.7856 588
4.7856 556
4.79392 588
4.79392 556
4.80224 588
4.80224 556
4.81056 588
4.81056 556
4.81888 588
4.81888 556
4.8272 588
4.8272 556
4.83552 588
4.83552 556
4.84384 588
4.84384 556
4.85216 588
4.85216 556
4.86048 588
4.86048 556
4.8688 588
4.8688 556
4.87712 588
4.87712 556
4.88544 588
4.88544 556
4.89376 588
4.89376 556
4.90208 588
4.90208 556
4.9104 588
4.9104 556
4.91872 588
4.91872 556
4.92704 588
4.92704 556
4.93536 588
4.93536 556
4.94368 588
4.94368 556
4.952 588
4.952 556
4.96032 588
4.96032 556
4.96864 588
4.96864 556
4.97696 588
4.97696 556
4.98528 588
4.98528 556
4.9936 588
4.9936 556
5.00192 588
5.00192 556
5.01024 588
5.01024 556
5.01856 588
5.01856 556
5.02688 588
5.02688 556
5.0352 588
5.0352 556
5.04352 588
5.04352 556
5.05184 588
5.05184 556
5.06016 588
5.06016 556
5.06848 588
5.06848 556
5.0768 588
5.0768 556
5.08512 588
5.08512 556
5.09344 588
5.09344 556
5.10176 588
5.10176 556
5.11008 588
5.11008 556
5.1184 588
5.1184 556
5.12672 588
5.12672 556
5.13504 588
5.13504 556
5.14336 588
5.14336 556
5.15168 588
5.15168 556
5.16 588
5.16 556
5.16832 588
5.16832 556
5.17664 588
5.17664 556
5.18496 588
5.18496 556
5.19328 588
5.19328 556
5.2016 588
5.2016 556
5.20992 588
5.20992 556
5.21824 588
5.21824 556
5.22656 588
5.22656 556
5.23488 588
5.23488 556
5.2432 588
5.2432 556
5.25152 588
5.25152 556
5.25984 588
5.25984 556
5.26816 588
5.26816 556
5.27648 588
5.27648 556
5.2848 588
5.2848 556
5.29312 588
5.29312 556
5.30144 588
5.30144 556
5.30976 588
5.30976 556
5.31808 588
5.31808 556
5.3264 588
5.3264 556
5.33472 588
5.33472 556
5.34304 588
5.34304 556
5.35136 588
5.35136 556
5.35968 588
5.35968 556
5.368 588
5.368 556
5.37632 588
5.37632 556
5.38464 588
5.38464 556
5.39296 588
5.39296 556
5.40128 588
5.40128 556
5.4096 588
5.4096 556
5.41792 588
5.41792 556
5.42624 588
5.42624 556
5.43456 588
5.43456 556
5.44288 588
5.44288 556
5.4512 588
5.4512 556
5.45952 588
5.45952 556
5.46784 588
5.46784 556
5.47616 588
5.47616 556
5.48448 588
5.48448 556
5.4928 588
5.4928 556
5.50112 588
5.50112 556
5.50944 588
5.50944 556
5.51776 588
5.51776 556
5.52608 588
5.52608 556
5.5344 588
5.5344 556
5.54272 588
5.54272 556
5.55104 588
5.55104 556
5.55936 588
5.55936 556
5.56768 588
5.56768 556
5.576 588
5.576 556
5.58432 588
5.58432 556
5.59264 588
5.59264 556
5.60096 588
5.60096 556
5.60928 588
5.60928 556
5.6176 588
5.6176 556
5.62592 588
5.62592 556
5.63424 588
5.63424 556
5.64256 588
5.64256 556
5.65088 588
5.65088 556
5.6592 588
5.6592 556
5.66752 588
5.66752 556
5.67584 588
5.67584 556
5.68416 588
5.68416 556
5.69248 588
5.69248 556
5.7008 588
5.7008 556
5.70912 588
5.70912 556
5.71744 588
5.71744 556
5.72576 588
5.72576 556
5.73408 588
5.73408 556
5.7424 588
5.7424 556
5.75072 588
5.75072 556
5.75904 588
5.75904 556
5.76736 588
5.76736 556
5.77568 588
5.77568 556
5.784 588
5.784 556
5.79232 588
5.79232 556
5.80064 588
5.80064 556
5.80896 588
5.80896 556
5.81728 588
5.81728 556
5.82232 556
5.8256 588
5.8273 556
5.83392 588
5.83392 556
5.84224 588
5.84224 556
5.85056 588
5.85056 556
5.85888 588
5.85888 556
5.8672 588
5.8672 556
5.87552 588
5.87552 556
5.88384 588
5.88384 556
5.89216 588
5.89216 556
5.90048 588
5.90048 556
5.9088 588
5.9088 556
5.91712 588
5.91712 556
5.92544 588
5.92544 556
5.93376 588
5.93376 556
5.94208 588
5.94208 556
5.9504 588
5.9504 556
5.95872 588
5.95872 556
5.96704 588
5.96704 556
5.97536 588
5.97536 556
5.98368 588
5.98368 556
5.992 588
5.992 556
6.00032 588
6.00032 556
6.00864 588
6.00864 556
6.01696 588
6.01696 556
6.02528 588
6.02528 556
6.0336 588
6.0336 556
6.04192 588
6.04192 556
6.05024 588
6.05024 556
6.05856 588
6.05856 556
6.06688 588
6.06688 556
6.0752 588
6.0752 556
6.08352 588
6.08352 556
6.09184 588
6.09184 556
6.10016 588
6.10016 556
6.10848 588
6.10848 556
6.1168 588
6.1168 556
6.12512 588
6.12512 556
6.13344 588
6.13344 556
6.14176 588
6.14176 556
6.15008 588
6.15008 556
6.1584 588
6.1584 556
6.16672 588
6.16672 556
6.17504 588
6.17504 556
6.18336 588
6.18336 556
6.19168 588
6.19168 556
6.2 588
6.2 556
6.20832 588
6.20832 556
6.21664 588
6.21664 556
6.22496 588
6.22496 556
6.23328 588
6.23328 556
6.2416 588
6.2416 556
6.24992 588
6.24992 556
6.25824 588
6.25824 556
6.26656 588
6.26656 556
6.27488 588
6.27488 556
6.2832 588
6.2832 556
6.29152 588
6.29152 556
6.29984 588
6.29984 556
6.30816 588
6.30816 556
6.31648 588
6.31648 556
6.3248 588
6.3248 556
6.33312 588
6.33312 556
6.34144 588
6.34144 556
6.34976 588
6.34976 556
6.35808 588
6.35808 556
6.3664 588
6.3664 556
6.37472 588
6.37472 556
6.38304 588
6.38304 556
6.39136 588
6.39136 556
6.39968 588
6.39968 556
6.408 588
6.408 556
6.41632 588
6.41632 556
6.42464 588
6.42464 556
6.43296 588
6.43296 556
6.44128 588
6.44128 556
6.4496 588
6.4496 556
6.45792 588
6.45792 556
6.46624 588
6.46624 556
6.47128 556
6.47456 588
6.47626 556
6.48288 588
6.48288 556
6.4912 588
6.4912 556
6.49952 588
6.49952 556
6.50784 588
6.50784 556
6.51616 588
6.51616 556
6.52448 588
6.52448 556
6.5328 588
6.5328 556
6.54112 588
6.54112 556
6.54944 588
6.54944 556
6.55776 588
6.55776 556
6.56608 588
6.56608 556
6.5744 588
6.5744 556
6.58272 588
6.58272 556
6.59104 588
6.59104 556
6.59936 588
6.59936 556
6.60768 588
6.60768 556
6.616 588
6.616 556
6.62432 588
6.62432 556
6.63264 588
6.63264 556
6.64096 588
6.64096 556
6.64928 588
6.64928 556
6.6576 588
6.6576 556
6.66592 588
6.66592 556
6.67424 588
6.67424 556
6.68256 588
6.68256 556
6.69088 588
6.69088 556
6.6992 588
6.6992 556
6.70752 588
6.70752 556
6.71584 588
6.71584 556
6.72416 588
6.72416 556
6.73248 588
6.73248 556
6.7408 588
6.7408 556
6.74912 588
6.74912 556
6.75744 588
6.75744 556
6.76576 588
6.76576 556
6.77408 588
6.77408 556
6.7824 588
6.7824 556
6.79072 588
6.79072 556
6.79904 588
6.79904 556
6.80736 588
6.80736 556
6.81568 588
6.81568 556
6.824 588
6.824 556
6.83232 588
6.83232 556
6.84064 588
6.84064 556
6.84896 588
6.84896 556
6.85728 588
6.85728 556
6.8656 588
6.8656 556
6.87392 588
6.87392 556
6.88224 588
6.88224 556
6.89056 588
6.89056 556
6.89888 588
6.89888 556
6.9072 588
6.9072 556
6.91552 588
6.91552 556
6.92384 588
6.92384 556
6.93216 588
6.93216 556
6.94048 588
6.94048 556
6.9488 588
6.9488 556
6.95712 588
6.95712 556
6.96544 588
6.96544 556
6.97376 588
6.97376 556
6.98208 588
6.98208 556
6.9904 588
6.9904 556
6.99872 588
6.99872 556
7.00704 588
7.00704 556
7.01536 588
7.01536 556
7.02368 588
7.02368 556
7.032 588
7.032 556
7.04032 588
7.04032 556
7.04864 588
7.04864 556
7.05696 588
7.05696 556
7.06528 588
7.06528 556
7.0736 588
7.0736 556
7.08192 588
7.08192 556
7.09024 588
7.09024 556
7.09856 588
7.09856 556
7.10688 588
7.10688 556
7.1152 588
7.1152 556
7.12352 588
7.12352 556
7.13184 588
7.13184 556
7.14016 588
7.14016 556
7.14848 588
7.14848 556
7.1568 588
7.1568 556
7.16512 588
7.16512 556
7.17344 588
7.17344 556
7.18176 588
7.18176 556
7.19008 588
7.19008 556
7.1984 588
7.1984 556
7.20672 588
7.20672 556
7.21504 588
7.21504 556
7.22336 588
7.22336 556
7.23168 588
7.23168 556
7.24 588
7.24 556
7.24832 588
7.24832 556
7.25664 588
7.25664 556
7.26496 588
7.26496 556
7.27328 588
7.27328 556
7.2816 588
7.2816 556
7.28992 588
7.28992 556
7.29824 588
7.29824 556
7.30656 588
7.30656 556
7.31488 588
7.31488 556
7.3232 588
7.3232 556
7.33152 588
7.33152 556
7.33984 588
7.33984 556
7.34816 588
7.34816 556
7.35648 588
7.35648 556
7.3648 588
7.3648 556
7.37312 588
7.37312 556
7.37906 588
7.38144 588
7.38409 556
7.38976 588
7.38976 556
7.59479 588
7.59983 588
7.60488 588
7.60992 556
7.60992 588
7.6149 588
7.61993 588
7.61993 588
7.6259 588
7.6259 588
7.63188 588
7.63188 588
7.63188 588
7.63785 588
7.63785 588
7.64288 588
7.64288 588
7.64791 588
7.64791 588
7.64791 588
7.65294 588
7.65294 588
7.65483 588
7.65483 588
7.65892 588
7.65892 588
7.66081 588
7.66081 588
7.66489 588
7.66489 588
7.66489 588
7.66678 588
7.66678 588
7.67087 588
7.67087 588
7.67275 588
7.67275 588
7.6759 588
7.6759 588
7.67778 588
7.67778 588
7.67778 588
7.68093 588
7.68093 588
7.68282 588
7.68282 588
7.6847 588
7.6847 588
7.6869 588
7.6869 588
7.68879 588
7.68879 588
7.69068 588
7.69068 588
7.69068 588
7.69288 588
7.69288 588
7.69476 588
7.69476 588
7.69665 588
7.69665 588
7.69854 588
7.69854 588
7.70043 588
7.70043 588
7.70232 588
7.70232 588
7.7042 588
7.7042 588
7.70609 588
7.70609 588
7.70609 588
7.70798 588
7.70798 588
7.70987 444
7.71424 588
7.71424 556
7.72256 588
7.72256 556
7.73088 588
7.73088 556
7.7392 588
7.7392 556
7.74752 588
7.74752 556
7.75584 588
7.75584 556
7.76416 588
7.76416 556
7.77248 588
7.77248 556
7.7808 588
7.7808 556
7.78912 588
7.78912 556
7.79744 588
7.79744 556
7.80576 588
7.80576 556
7.81408 588
7.81408 556
7.8224 588
7.8224 556
7.83072 588
7.83072 556
7.83904 588
7.83904 556
7.84736 588
7.84736 556
7.85568 588
7.85568 556
7.864 588
7.864 556
7.87232 588
7.87232 556
7.88064 588
7.88064 556
7.88896 588
7.88896 556
7.89728 588
7.89728 556
7.9056 588
7.9056 556
7.91392 588
7.91392 556
7.92224 588
7.92224 556
7.93056 588
7.93056 556
7.93888 588
7.93888 556
7.9472 588
7.9472 556
7.95552 588
7.95552 556
7.96384 588
7.96384 556
7.97216 588
7.97216 556
7.98048 588
7.98048 556
7.9888 588
7.9888 556
7.99712 588
7.99712 556
8.00544 588
8.00544 556
8.01376 588
8.01376 556
8.02208 588
8.02208 556
8.0304 588
8.0304 556
8.03872 588
8.03872 556
8.04704 588
8.04704 556
8.05536 588
8.05536 556
8.06368 588
8.06368 556
8.072 588
8.072 556
8.08032 588
8.08032 556
8.08864 588
8.08864 556
8.09696 588
8.09696 556
8.10528 588
8.10528 556
8.1136 588
8.1136 556
8.12192 588
8.12192 556
8.13024 588
8.13024 556
8.13856 588
8.13856 556
8.14688 588
8.14688 556
8.1552 588
8.1552 556
8.16352 588
8.16352 556
8.16946 588
8.17184 588
8.17449 556
8.18016 588
8.18016 556
8.18848 588
8.18848 556
8.1968 588
8.1968 556
8.20512 588
8.20512 556
8.21344 588
8.21344 556
8.22176 588
8.22176 556
8.23008 588
8.23008 556
8.2384 588
8.2384 556
8.24672 588
8.24672 556
8.25504 588
8.25504 556
8.26336 588
8.26336 556
8.27168 588
8.27168 556
8.28 588
8.28 556
8.28832 588
8.28832 556
8.29664 588
8.29664 556
8.30496 588
8.30496 556
8.31328 588
8.31328 556
8.3216 588
8.3216 556
8.32992 588
8.32992 556
8.33824 588
8.33824 556
8.34656 588
8.34656 556
8.35488 588
8.35488 556
8.3632 588
8.3632 556
8.37152 588
8.37152 556
8.37984 588
8.37984 556
8.38816 588
8.38816 556
8.39648 588
8.39648 556
8.4048 588
8.4048 556
8.41312 588
8.41312 556
8.42144 588
8.42144 556
8.42976 588
8.42976 556
8.43808 588
8.43808 556
8.4464 588
8.4464 556
8.45472 588
8.45472 556
8.46304 588
8.46304 556
8.47136 588
8.47136 556
8.47968 588
8.47968 556
8.488 588
8.488 556
8.49632 588
8.49632 556
8.50464 588
8.50464 556
8.51296 588
8.51296 556
8.52128 588
8.52128 556
8.5296 588
8.5296 556
8.53792 588
8.53792 556
8.54624 588
8.54624 556
8.55456 588
8.55456 556
8.56288 588
8.56288 556
8.5712 588
8.5712 556
8.57952 588
8.57952 556
8.58784 588
8.58784 556
8.59616 588
8.59616 556
8.60448 588
8.60448 556
8.6128 588
8.6128 556
8.62112 588
8.62112 556
8.62944 588
8.62944 556
8.63776 588
8.63776 556
8.64608 588
8.64608 556
8.6544 588
8.6544 556
8.66272 588
8.66272 556
8.67104 588
8.67104 556
8.67936 588
8.67936 556
8.68768 588
8.68768 556
8.696 588
8.696 556
8.70432 588
8.70432 556
8.71264 588
8.71264 556
8.72096 588
8.72096 556
8.72928 588
8.72928 556
8.7376 588
8.7376 556
8.74592 588
8.74592 556
8.75424 588
8.75424 556
8.76256 588
8.76256 556
8.77088 588
8.77088 556
8.7792 588
8.7792 556
8.78752 588
8.78752 556
8.79584 588
8.79584 556
8.80416 588
8.80416 556
8.81248 588
8.81248 556
8.8208 588
8.8208 556
8.82912 588
8.82912 556
8.83744 588
8.83744 556
8.84576 588
8.84576 556
8.85408 588
8.85408 556
8.8624 588
8.8624 556
8.87072 588
8.87072 556
8.87904 588
8.87904 556
8.88736 588
8.88736 556
8.89568 588
8.89568 556
8.904 588
8.904 556
8.91232 588
8.91232 556
8.92064 588
8.92064 556
8.92896 588
8.92896 556
8.93728 588
8.93728 556
8.9456 588
8.9456 556
8.95392 588
8.95392 556
8.96224 588
8.96224 556
8.97056 588
8.97056 556
8.97888 588
8.97888 556
8.9872 588
8.9872 556
8.99552 588
8.99552 556
9.00384 588
9.00384 556
9.01216 588
9.01216 556
9.02048 588
9.02048 556
9.0288 588
9.0288 556
9.03712 588
9.03712 556
9.04544 588
9.04544 556
9.05376 588
9.05376 556
9.06208 588
9.06208 556
9.0704 588
9.0704 556
9.07872 588
9.07872 556
9.08704 588
9.08704 556
9.09536 588
9.09536 556
9.10368 588
9.10368 556
9.112 588
9.112 556
9.12032 588
9.12032 556
9.12864 588
9.12864 556
9.13696 588
9.13696 556
9.14528 588
9.14528 556
9.1536 588
9.1536 556
9.16192 588
9.16192 556
9.17024 588
9.17024 556
9.17856 588
9.17856 556
9.18688 588
9.18688 556
9.1952 588
9.1952 556
9.20352 588
9.20352 556
9.21184 588
9.21184 556
9.22016 588
9.22016 556
9.22848 588
9.22848 556
9.2368 588
9.2368 556
9.24512 588
9.24512 556
9.25344 588
9.25344 556
9.26176 588
9.26176 556
9.27008 588
9.27008 556
9.2784 588
9.2784 556
9.28672 588
9.28672 556
9.29504 588
9.29504 556
9.30336 588
9.30336 556
9.31168 588
9.31168 556


1.00209 56
1.00722 52
1.01319 52
1.01958 52
1.0279 52
1.03622 52
1.04454 52
1.05286 52
1.06118 52
1.0695 52
1.07782 52
1.08614 52
1.09446 52
1.10278 52
1.1111 52
1.11942 52
1.12774 52
1.13606 52
1.14438 60
1.14528 60
1.1527 60
1.1536 60
1.1577 52
1.16268 52
1.17024 52
1.17856 52
1.18688 52
1.1952 52
1.20352 52
1.21184 52
1.22016 52
1.22848 52
1.2368 52
1.24512 52
1.25344 52
1.26176 52
1.27008 52
1.2784 52
1.28672 52
1.29504 52
1.30336 52
1.31168 52
1.32 52
1.32832 52
1.33664 52
1.34496 52
1.35328 52
1.3616 52
1.36992 52
1.37824 52
1.38656 52
1.39488 52
1.41062 60
1.41152 60
1.41894 60
1.41984 60
1.42394 52
1.42892 52
1.63558 52
1.64061 60
1.64566 60
1.6507 60
1.65569 52
1.66072 52
1.6667 52
1.67267 52
1.67865 52
1.68368 52
1.68871 52
1.69374 52
1.69563 52
1.69971 52
1.7016 52
1.70569 52
1.70757 52
1.71166 52
1.71355 52
1.71669 52
1.71858 52
1.72172 52
1.72361 52
1.7255 52
1.7277 52
1.72958 52
1.73147 52
1.73367 52
1.73556 52
1.73745 52
1.73933 52
1.74122 52
1.74311 52
1.745 52
1.74689 52
1.74877 52
1.75066 52
1.75255 52
1.75444 52
1.75633 52
1.76006 52
1.76838 52
1.7767 52
1.78502 52
1.79334 52
1.80166 52
1.80998 52
1.8183 52
1.82662 52
1.83494 52
1.84326 52
1.85158 52
1.8599 52
1.86822 52
1.87654 52
1.88486 52
1.89318 52
1.9015 52
1.90982 52
1.91814 52
1.92646 52
1.93478 52
1.9431 52
1.95142 52
1.95974 52
1.96806 52
1.97638 52
1.9847 52
1.99302 52
2.00134 52
2.00966 52
2.01798 52
2.0263 52
2.03462 52
2.04294 52
2.05126 52
2.05958 52
2.0679 52
2.07622 52
2.08454 52
2.09286 52
2.10118 52
2.1095 52
2.11782 52
2.12614 52
2.13446 52
2.14278 52
2.1511 52
2.15942 52
2.16774 52
2.17606 52
2.18438 52
2.1927 52
2.20102 52
2.20934 52
2.21766 52
2.22598 52
2.2343 52
2.24262 52
2.25094 52
2.25926 52
2.26758 52
2.2759 52
2.28422 52
2.29254 52
2.30086 52
2.30918 52
2.3175 52
2.32582 52
2.33414 52
2.34246 52
2.35078 52
2.3591 52
2.36742 52
2.37574 52
2.38406 52
2.39238 52
2.4007 52
2.40902 52
2.41734 52
2.42566 52
2.43398 52
2.4423 52
2.45062 52
2.45894 52
2.46726 52
2.47558 52
2.4839 52
2.49222 52
2.50054 52
2.50886 52
2.51718 52
2.5255 52
2.53472 60
2.54214 60
2.55046 68
2.55136 68
2.55552 60
2.56056 60
2.56556 52
2.57059 52
2.57656 52
2.58374 52
2.59206 52
2.60038 52
2.6096 60
2.61702 60
2.61792 60
2.62296 52
2.62794 52
2.63456 52
2.64288 52
2.6512 52
2.65952 52
2.66784 52
2.67616 52
2.68448 52
2.6928 52
2.70112 52
2.70944 52
2.71776 52
2.72608 52
2.7344 52
2.74272 52
2.75104 52
2.75936 52
2.76768 52
2.776 52
2.78432 52
2.79264 52
2.80096 52
2.80928 52
2.8176 52
2.82592 52
2.83424 52
2.84256 52
2.85088 52
2.8592 52
2.86752 52
2.87584 52
2.88416 52
2.89248 52
2.9008 52
2.90912 52
2.91744 52
2.92576 52
2.93408 52
2.9424 52
2.95072 52
2.95904 52
2.96736 52
2.97568 52
2.984 52
2.99232 52
3.00064 52
3.00896 52
3.01728 52
3.0256 52
3.03392 52
3.04224 52
3.05056 52
3.05888 52
3.0672 52
3.07552 52
3.08384 52
3.09216 52
3.10048 52
3.1088 52
3.11712 52
3.12544 52
3.13376 52
3.14208 52
3.1504 52
3.15872 52
3.16704 52
3.17536 52
3.18368 52
3.192 52
3.20032 52
3.20864 52
3.21696 52
3.22528 52
3.2336 52
3.24192 52
3.25024 52
3.25856 52
3.26688 52
3.2752 52
3.28352 52
3.29184 52
3.30016 52
3.30848 52
3.3168 52
3.32512 52
3.33344 52
3.34176 52
3.35008 52
3.3584 52
3.36672 52
3.37504 52
3.38336 52
3.39168 52
3.4 52
3.40832 52
3.41664 52
3.42496 52
3.43328 52
3.4416 52
3.44992 52
3.45824 52
3.46656 52
3.47488 52
3.4832 52
3.49152 52
3.49984 52
3.50816 52
3.51648 52
3.5248 52
3.53312 52
3.54144 52
3.54976 52
3.55808 52
3.5664 52
3.57472 52
3.58304 52
3.59136 52
3.59968 52
3.608 52
3.61632 52
3.62464 52
3.63296 52
3.64128 52
3.6496 52
3.65792 52
3.66624 52
3.67456 52
3.68288 52
3.6912 52
3.69952 52
3.70784 52
3.71616 52
3.72448 52
3.7328 52
3.74112 52
3.74944 52
3.75776 52
3.76608 52
3.7744 52
3.78272 52
3.79104 52
3.79936 52
3.80768 52
3.816 52
3.82432 52
3.83264 52
3.84096 52
3.84928 52
3.8576 52
3.86592 52
3.87424 52
3.88256 52
3.89088 52
3.8992 52
3.90752 52
3.91584 52
3.92416 52
3.93248 52
3.9408 52
3.94912 52
3.95744 52
3.96576 52
3.97408 52
3.9824 52
3.99072 52
3.99904 52
4.00736 52
4.01568 52
4.024 52
4.03232 52
4.04064 52
4.04896 52
4.05728 52
4.0656 52
4.07392 52
4.08224 52
4.09056 52
4.09888 52
4.1072 52
4.11552 52
4.12384 52
4.13216 52
4.14048 52
4.1488 52
4.15712 52
4.16544 52
4.17376 52
4.18208 52
4.1904 52
4.19872 52
4.20704 52
4.21536 52
4.22368 52
4.232 52
4.24032 52
4.24864 52
4.25696 52
4.26528 52
4.2736 52
4.28192 52
4.29024 52
4.29856 52
4.30688 52
4.3152 52
4.32352 52
4.33184 52
4.34016 52
4.34848 52
4.3568 52
4.36512 52
4.37344 52
4.38176 52
4.39008 52
4.3984 52
4.40672 52
4.41504 52
4.42336 52
4.43168 52
4.44 52
4.44832 52
4.45664 52
4.46496 52
4.47328 52
4.4816 52
4.48992 52
4.49824 52
4.50656 52
4.51488 52
4.5232 52
4.53152 52
4.53984 52
4.54816 52
4.55648 52
4.5648 52
4.57312 52
4.58144 52
4.58976 52
4.59808 52
4.6064 52
4.61472 52
4.62304 52
4.63136 52
4.63968 52
4.648 52
4.65632 52
4.66464 52
4.67296 52
4.68128 52
4.6896 52
4.69792 52
4.70624 52
4.71456 52
4.72288 52
4.7312 52
4.73952 52
4.74784 52
4.75616 52
4.76448 52
4.7728 52
4.78112 52
4.78944 52
4.79776 52
4.80608 52
4.8144 52
4.82272 52
4.83104 52
4.83936 52
4.84768 52
4.856 52
4.86432 52
4.87264 52
4.88096 52
4.88928 52
4.8976 52
4.90592 52
4.91424 52
4.92256 52
4.93088 52
4.9392 52
4.94752 52
4.95584 52
4.96416 52
4.97248 52
4.9808 52
4.98912 52
4.99744 52
5.00576 52
5.01408 52
5.0224 52
5.03072 52
5.03904 52
5.04736 52
5.05568 52
5.064 52
5.07232 52
5.08064 52
5.08896 52
5.09728 52
5.1056 52
5.11392 52
5.12224 52
5.13056 52
5.13888 52
5.1472 52
5.15552 52
5.16384 52
5.17216 52
5.18048 52
5.1888 52
5.19712 52
5.20544 52
5.21376 52
5.22208 52
5.2304 52
5.23872 52
5.24704 52
5.25536 52
5.26368 52
5.272 52
5.28032 52
5.28864 52
5.29696 52
5.30528 52
5.3136 52
5.32192 52
5.33024 52
5.33856 52
5.34688 52
5.3552 52
5.36352 52
5.37184 52
5.38016 52
5.38848 52
5.3968 52
5.40512 52
5.41344 52
5.42176 52
5.43008 52
5.4384 52
5.44672 52
5.45504 52
5.46336 52
5.47168 52
5.48 52
5.48832 52
5.49664 52
5.50496 52
5.51328 52
5.5216 52
5.52992 52
5.53824 52
5.54656 52
5.55488 52
5.5632 52
5.57152 52
5.57984 52
5.58816 52
5.59648 52
5.6048 52
5.61312 52
5.62144 52
5.62976 52
5.63808 52
5.6464 52
5.65472 52
5.66304 52
5.67136 52
5.67968 52
5.688 52
5.69632 52
5.70464 52
5.71296 52
5.72128 52
5.7296 52
5.73792 52
5.74624 52
5.75456 52
5.76288 52
5.7712 52
5.77952 52
5.78784 52
5.79616 52
5.8119 60
5.8128 60
5.82022 60
5.82112 60
5.82522 52
5.83019 52
5.83776 52
5.84608 52
5.8544 52
5.86272 52
5.87104 52
5.87936 52
5.88768 52
5.896 52
5.90432 52
5.91264 52
5.92096 52
5.92928 52
5.9376 52
5.94592 52
5.95424 52
5.96256 52
5.97088 52
5.9792 52
5.98752 52
5.99584 52
6.00416 52
6.01248 52
6.0208 52
6.02912 52
6.03744 52
6.04576 52
6.05408 52
6.0624 52
6.07072 52
6.07904 52
6.08736 52
6.09568 52
6.104 52
6.11232 52
6.12064 52
6.12896 52
6.13728 52
6.1456 52
6.15392 52
6.16224 52
6.17056 52
6.17888 52
6.1872 52
6.19552 52
6.20384 52
6.21216 52
6.22048 52
6.2288 52
6.23712 52
6.24544 52
6.25376 52
6.26208 52
6.2704 52
6.27872 52
6.28704 52
6.29536 52
6.30368 52
6.312 52
6.32032 52
6.32864 52
6.33696 52
6.34528 52
6.3536 52
6.36192 52
6.37024 52
6.37856 52
6.38688 52
6.3952 52
6.40352 52
6.41184 52
6.42016 52
6.42848 52
6.4368 52
6.44512 52
6.46086 60
6.46176 60
6.46918 60
6.47008 60
6.47418 52
6.47915 52
6.48672 52
6.49504 52
6.50336 52
6.51168 52
6.52 52
6.52832 52
6.53664 52
6.54496 52
6.55328 52
6.5616 52
6.56992 52
6.57824 52
6.58656 52
6.59488 52
6.6032 52
6.61152 52
6.61984 52
6.62816 52
6.63648 52
6.6448 52
6.65312 52
6.66144 52
6.66976 52
6.67808 52
6.6864 52
6.69472 52
6.70304 52
6.71136 52
6.71968 52
6.728 52
6.73632 52
6.74464 52
6.75296 52
6.76128 52
6.7696 52
6.77792 52
6.78624 52
6.79456 52
6.80288 52
6.8112 52
6.81952 52
6.82784 52
6.83616 52
6.84448 52
6.8528 52
6.86112 52
6.86944 52
6.87776 52
6.88608 52
6.8944 52
6.90272 52
6.91104 52
6.91936 52
6.92768 52
6.936 52
6.94432 52
6.95264 52
6.96096 52
6.96928 52
6.9776 52
6.98592 52
6.99424 52
7.00256 52
7.01088 52
7.0192 52
7.02752 52
7.03584 52
7.04416 52
7.05248 52
7.0608 52
7.06912 52
7.07744 52
7.08576 52
7.09408 52
7.1024 52
7.11072 52
7.11904 52
7.12736 52
7.13568 52
7.144 52
7.15232 52
7.16064 52
7.16896 52
7.17728 52
7.1856 52
7.19392 52
7.20224 52
7.21056 52
7.21888 52
7.2272 52
7.23552 52
7.24384 52
7.25216 52
7.26048 52
7.2688 52
7.27712 52
7.28544 52
7.29376 52
7.30208 52
7.3104 52
7.31872 52
7.32704 52
7.33536 52
7.34368 52
7.352 52
7.36032 52
7.36864 60
7.37606 60
7.37696 60
7.382 52
7.38698 52
7.5927 52
7.59773 60
7.60278 60
7.60782 60
7.61281 52
7.61784 52
7.62382 52
7.62979 52
7.63577 52
7.6408 52
7.64583 52
7.65086 52
7.65274 52
7.65683 52
7.65872 52
7.66281 52
7.66469 52
7.66878 52
7.67067 52
7.67381 52
7.6757 52
7.67884 52
7.68073 52
7.68262 52
7.68482 52
7.6867 52
7.68859 52
7.69079 52
7.69268 52
7.69457 52
7.69645 52
7.69834 52
7.70023 52
7.70212 52
7.70401 52
7.70589 52
7.70778 52
7.70967 52
7.71156 52
7.71345 52
7.71718 52
7.7255 52
7.73382 52
7.74214 52
7.75046 52
7.75878 52
7.7671 52
7.77542 52
7.78374 52
7.79206 52
7.80038 52
7.8087 52
7.81702 52
7.82534 52
7.83366 52
7.84198 52
7.8503 52
7.85862 52
7.86694 52
7.87526 52
7.88358 52
7.8919 52
7.90022 52
7.90854 52
7.91686 52
7.92518 52
7.9335 52
7.94182 52
7.95014 52
7.95846 52
7.96678 52
7.9751 52
7.98342 52
7.99174 52
8.00006 52
8.00838 52
8.0167 52
8.02502 52
8.03334 52
8.04166 52
8.04998 52
8.0583 52
8.06662 52
8.07494 52
8.08326 52
8.09158 52
8.0999 52
8.10822 52
8.11654 52
8.12486 52
8.13318 52
8.1415 52
8.14982 52
8.15904 60
8.16646 60
8.16736 60
8.1724 52
8.17738 52
8.184 52
8.19232 52
8.20064 52
8.20896 52
8.21728 52
8.2256 52
8.23392 52
8.24224 52
8.25056 52
8.25888 52
8.2672 52
8.27552 52
8.28384 52
8.29216 52
8.30048 52
8.3088 52
8.31712 52
8.32544 52
8.33376 52
8.34208 52
8.3504 52
8.35872 52
8.36704 52
8.37536 52
8.38368 52
8.392 52
8.40032 52
8.40864 52
8.41696 52
8.42528 52
8.4336 52
8.44192 52
8.45024 52
8.45856 52
8.46688 52
8.4752 52
8.48352 52
8.49184 52
8.50016 52
8.50848 52
8.5168 52
8.52512 52
8.53344 52
8.54176 52
8.55008 52
8.5584 52
8.56672 52
8.57504 52
8.58336 52
8.59168 52
8.6 52
8.60832 52
8.61664 52
8.62496 52
8.63328 52
8.6416 52
8.64992 52
8.65824 52
8.66656 52
8.67488 52
8.6832 52
8.69152 52
8.69984 52
8.70816 52
8.71648 52
8.7248 52
8.73312 52
8.74144 52
8.74976 52
8.75808 52
8.7664 52
8.77472 52
8.78304 52
8.79136 52
8.79968 52
8.808 52
8.81632 52
8.82464 52
8.83296 52
8.84128 52
8.8496 52
8.85792 52
8.86624 52
8.87456 52
8.88288 52
8.8912 52
8.89952 52
8.90784 52
8.91616 52
8.92448 52
8.9328 52
8.94112 52
8.94944 52
8.95776 52
8.96608 52
8.9744 52
8.98272 52
8.99104 52
8.99936 52
9.00768 52
9.016 52
9.02432 52
9.03264 52
9.04096 52
9.04928 52
9.0576 52
9.06592 52
9.07424 52
9.08256 52
9.09088 52
9.0992 52
9.10752 52
9.11584 52
9.12416 52
9.13248 52
9.1408 52
9.14912 52
9.15744 52
9.16576 52
9.17408 52
9.1824 52
9.19072 52
9.19904 52
9.20736 52
9.21568 52
9.224 52
9.23232 52
9.24064 52
9.24896 52
9.25728 52
9.2656 52
9.27392 52
9.28224 52
9.29056 52
9.29888 52
9.3072 52
9.31552 52


